-7 1 -832
-1 -7 428
-1 -6 0
10 8 704
2 -9 242
8 -4 -261
-4 -9 540
10 -3 -773
4 -8 0
5 3 -937
3 1 -982
10 7 -936
-1 -4 971
-4 -5 402
-9 2 519
4 -4 946
6 -3 -565
-6 -9 487
1 8 -490
-8 -6 -68
5 6 -197
2 -6 301
-4 2 -108
-5 7 122
-2 -4 -178
4 3 488
-5 0 480
-6 2 -322
-1 -7 -252
-8 7 -277
9 -7 -10
1 -7 125
7 1 823
-5 5 979
-7 -8 439
-2 -8 -889
-10 1 0
-8 8 853
9 -4 -192
-5 0 330
-2 0 63
9 -1 0
-10 -6 394
-4 10 -888
6 10 437
1 -5 -368
6 3 54
-7 -4 -62
3 1 83
2 7 -225
10 -5 945
9 -1 745
6 4 699
-6 -8 -296
-9 9 0
4 -7 711
4 0 -64
-2 6 640
10 -4 0
-2 2 -403
2 4 834
-8 -1 -739
4 6 64
-10 -1 844
4 3 -4
-3 10 -284
-7 1 875
9 7 577
-3 -2 532
8 3 773
5 -8 -338
4 -4 343
1 6 -222
-7 -10 603
10 5 -375
0 9 -311
7 2 486
10 6 -109
0 9 -485
1 4 951
-1 6 260
-5 -7 539
2 1 -124
6 -5 209
-9 -2 -441
-9 -6 -815
-10 5 0
9 1 127
5 2 -867
-9 1 800
-10 -8 -32
10 -4 775
9 -6 548
4 8 192
-7 10 867
-8 2 -291
-6 1 2
7 8 -86
9 -5 729
4 -2 -614
1 8 -490
-4 3 -624
8 -8 0
-10 -4 -986
-3 -7 310
-5 2 -259
-7 -10 864
2 -2 -866
-3 1 -264
5 -4 577
0 5 -422
1 -9 498
-4 2 -728
9 -4 -620
-10 10 108
-8 -3 -179
9 8 -437
7 -5 0
3 8 -778
6 -2 985
3 4 10
-2 9 -423
5 0 962
-10 -4 833
4 7 -813
3 6 34
3 -3 -814
0 -6 0
4 -7 260
-5 -7 -86
8 5 0
7 -8 684
1 10 -703
-8 10 648
6 10 711
5 4 5
2 -2 32
5 -9 37
-10 5 0
5 3 850
4 10 -504
4 -6 -679
2 5 -602
-2 -3 42
-4 -3 -3
3 7 -208
-4 -2 -381
-6 2 566
3 1 -12
-4 9 169
10 -10 367
5 -7 0
10 -10 0
1 -10 -861
-1 3 0
0 -5 712
3 -8 532
0 -7 -358
-6 6 -89
-10 6 -142
-10 -2 -621
0 -4 610
-5 10 -420
4 3 -985
10 -3 591
6 -2 -831
-6 -5 -891
-4 0 -111
-3 -7 451
-8 2 530
4 1 -762
3 0 -49
-1 8 -179
4 7 343
2 0 -8
-2 -6 181
-10 9 58
-2 -6 296
-1 -7 -997
-10 -6 -352
0 -6 -216
-8 -4 -438
-10 6 0
-6 -2 160
-10 -3 -76
-9 -5 -866
3 0 380
8 6 -182
-10 -9 19
-2 -8 -659
4 -5 -371
5 -10 -928
-4 4 -950
1 -7 763
0 -4 -283
7 3 112
-5 5 812
8 -4 -291
4 -5 405
-9 3 864
-5 2 -381
2 3 2
4 -5 -945
-1 8 -96
-2 8 600
2 -9 605
-10 -8 -611
1 4 -154
5 -1 -779
7 -9 908
4 2 16
-10 -1 -953
-9 -1 -633
-10 9 -361
-4 -1 -45
-8 0 -512
-1 -4 -837
5 2 918
3 -4 147
5 6 -11
10 -8 582
8 -9 -173
-6 -1 -413
2 1 554
-2 6 876
-1 -2 183
2 0 -195
-9 -7 -100
4 -10 818
4 -7 504
3 7 755
-8 -6 754
8 7 15
-10 0 224
-2 -3 -549
-7 8 93
10 6 -160
-2 -8 360
-9 0 705
-3 10 507
-2 -5 -406
6 -1 -452
4 -2 -663
-1 5 36
10 -10 881
-3 10 314
2 -2 0
7 2 729
9 5 224
9 5 270
6 -2 604
5 4 9
-2 0 16
10 -9 296
5 -3 -448
9 3 -728
5 4 -313
4 1 -831
2 -3 80
-1 3 -32
-6 -10 -415
4 -2 72
5 -10 274
6 1 433
6 -4 0
5 -7 314
4 10 -314
0 9 -409
7 8 0
-9 8 -989
-5 8 845
-10 -7 -207
2 -6 155
0 2 574
-7 -5 -76
-10 4 616
3 2 999
-6 -8 -343
4 -2 781
6 10 -606
-9 10 -905
6 -1 -236
5 8 -706
10 -5 425
5 -3 -908
-9 2 605
-8 -7 791
6 -9 557
-7 -6 -6
8 -6 -784
-4 -5 -14
-2 1 18
-8 -10 -552
-9 10 59
3 -8 605
-1 -4 971
2 -2 32
-3 -2 0
9 -1 -900
6 -7 -306
-8 4 479
0 3 -27
4 -9 845
4 0 -940
-3 8 -968
8 6 -702
2 9 -441
-6 8 -168
-10 -1 -599
-9 8 198
3 9 -37
5 -7 193
0 10 0
9 7 517
7 3 -112
7 3 -160
7 4 0
3 -9 864
-9 3 -203
2 -5 590
8 0 249
-2 1 -474
-1 -6 -908
2 -1 676
-3 2 700
-6 -10 444
10 7 -82
7 -3 100
0 -9 -720
5 -10 -192
1 -8 -453
8 0 3
5 7 0
-5 -8 -162
-6 -8 -514
0 -2 362
-4 -7 99
-7 -2 473
-8 -1 -895
0 -7 -686
-6 -7 -651
-6 5 -87
3 -7 -400
3 4 379
10 -9 743
8 -3 643
1 2 -197
7 -7 0
9 -10 353
-10 6 512
8 -9 0
-5 -4 -92
2 -1 -196
-3 5 192
-8 2 546
5 1 -452
1 0 -568
2 -3 75
-10 -3 -415
-8 -7 -15
4 -4 445
-5 7 -794
-7 -10 954
-9 4 -637
10 3 -784
-1 4 513
-6 -10 512
-9 -6 -905
8 -5 -452
4 -5 -305
-7 1 -121
9 -3 -864
-8 6 -372
-8 -7 0
-9 -6 54
5 3 619
2 9 637
9 -4 499
-2 -9 -61
-7 5 -409
-5 -6 -424
1 5 -366
-7 8 482
-7 -2 -659
-2 10 -535
0 -5 -250
8 1 974
-6 10 -399
5 -4 324
2 7 -275
-7 5 -432
-2 -7 449
10 -8 -973
-8 4 -168
-1 1 -443
8 -1 221
-8 -3 -200
-6 -2 -530
7 -4 847
10 -2 -288
7 8 -853
1 -1 -883
8 3 604
6 -6 -899
1 -7 -323
2 4 -952
4 -8 0
6 4 855
-6 -2 750
6 -6 -472
3 9 358
2 0 -16
3 -6 187
10 4 -504
-7 -1 -533
3 9 -540
-4 -7 445
-3 -10 909
-2 8 483
-2 -6 -128
4 2 16
4 -2 -67
9 10 13
-9 1 -240
7 3 -166
-4 -6 -16
-7 3 -256
3 1 397
4 -7 -404
-5 6 721
10 -5 534
2 3 -7
-3 6 -486
6 -2 781
-9 -6 -15
7 8 815
6 4 41
-7 -10 420
6 9 -108
8 -1 648
-3 -9 -257
-1 4 326
-5 3 -320
9 -6 -962
2 3 -774
-6 2 -212
-6 4 693
10 8 498
-6 -4 225
6 -1 -196
0 -8 13
9 -1 514
-4 -10 566
-6 1 -539
-10 -7 -243
6 2 160
7 1 -939
1 0 845
4 1 -380
-3 7 400
7 -1 503
9 0 -743
0 -5 574
2 -10 -864
-6 0 -560
10 1 -75
1 7 288
-1 -3 370
7 -7 532
7 -2 972
-3 10 0
-5 -4 13
-3 8 985
6 -8 518
2 4 -260
6 -9 603
7 -5 -48
-4 -7 36
5 0 -632
-7 3 267
6 0 376
2 -10 0
-5 -10 -386
-2 -6 775
1 5 186
-8 5 483
3 9 400
0 2 -860
8 -8 0
-1 0 428
0 6 693
6 -2 276
-5 0 553
-5 -8 499
-3 -4 -4
-8 10 483
7 -5 637
9 10 -162
-8 -7 781
8 9 -9
