42 1366704551 15256729588
4 1 3
43 13799753434 51845969140
4 1 3
7 1 17
44 14623787492 80569435364
35 34172899 201005431
44 18085623280 73167103786
41 3174543508 10547337632
9 12 25
48 1 1195716038943
50 1472465968271 3439104419782
43 17943977454 56427251987
50 337543618124 2246027379704
18 5582 11691
47 1 650097672673
46 254953285895 339459367288
6 3 8
4 1 1
8 12 16
49 223461779026 2182197023272
45 418303256 184018805765
50 21073495990 1977808559732
50 1649924790019 3704183222167
45 24888818492 130750915275
2 1 1
47 140989705651 229741628938
48 282617288737 711566675808
19 20075 20831
50 2270217952015 3730723951027
39 3654925430 4645822075
4 1 1
40 5140134771 5774577756
19 12598 24590
6 3 4
48 70665711232 440305958603
50 84841661867 3496871539929
15 1540 2005
50 1200167778170 1599098128162
44 1 104479306403
10 59 91
5 2 4
43 30425214688 36960439917
48 1164602480034 1181988970986
12 196 272
42 1 30883847113
48 878031919920 987964241880
24 195002 515931
30 2192259 13969688
5 3 4
4 2 2
7 5 17
44 72062857114 79633251570
37 812109934 1218565260
48 424933592087 722122692841
47 513782664659 579391924852
50 1760778112019 3787514168161
1 1 1
10 23 39
34 12298986 91858030
50 38922111270 380978946190
45 1 192167404461
42 12300257367 26973856379
44 10309870726 98265783457
4 2 3
2 1 1
50 3149361876311 3257828480610
23 51140 161261
46 89628573361 168950284964
50 1828328135207 2629971419179
47 251564871559 566956286150
50 1679583484839 3315045714624
45 37374573570 165190151475
2 1 1
44 70874753723 71792500475
8 1 31
48 25411548298 442055340855
50 536040753620 2454747903791
5 2 4
29 1493294 3170410
36 478981009 493289202
41 9436834817 15612120961
50 579467853439 2237116387347
1 1 1
45 100858683052 126611080141
49 224612722232 644567549227
42 16636203556 20225392538
43 5723261700 14820760459
1 1 1
43 27152845294 44491982805
4 1 2
47 48280275735 247915268351
49 1 2199264673425
50 847730992572 3025000872573
23 120154 282236
41 1557823563 8788173914
48 845608185453 936093993896
45 16667143932 125973341934
50 1436551212750 1583795005995
40 474218231 8269342697
4 1 2
42 20660870457 21319759125
50 2090220593899 3922215083215
46 1 353450961809
50 2419484701594 3928522458568
50 122721594357 1871989015744
6 1 9
48 921233798486 1134287204095
7 10 17
46 34568497564 93325156008
23 64720 285851
5 2 5
50 1740936286367 3581942318596
5 1 1
41 1 16791208345
43 39586943967 50402790708
40 3366448044 8964601008
39 273718222 280669175
9 1 57
7 1 15
50 1 4045078385041
2 1 1
44 48013637412 62093256068
47 55362357190 636140923486
50 3974692491682 3991036565110
47 555267142082 566865606174
49 1073653068171 1943870110710
50 640416440989 2776034279259
50 640176043566 2222043388552
40 4508332292 6748743454
46 159406670082 189937366270
46 42645442548 181848368431
43 1 56804250945
40 1 9129195487
43 1341421366 38960032147
48 389682380110 1052707572587
5 2 3
6 3 6
42 1789187410 2060285431
3 1 1
50 3706791205565 3763487674105
47 165007401163 468805107767
8 3 8
44 12965925983 96979050114
42 1177506416 18733889300
40 8413764766 9105067042
48 273688328854 522900529486
29 3192582 6997283
2 1 1
5 1 5
