9 1
93 88
90 35
97 1
5 3
95 1
95 17
96 65
51 43
8 1
2 1
90 71
10 10
23 6
12 10
7 7
6 6
3 3
92 46
94 47
93 67
5 5
92 17
96 96
97 70
2 1
90 60
8 4
90 6
98 49
6 1
6 5
91 46
4 4
10 1
94 93
99 23
66 65
95 31
97 49
93 1
9 5
2 1
93 47
99 1
22 2
92 92
99 72
66 15
3 3
99 50
32 5
46 19
96 48
3 2
94 1
92 3
95 48
5 1
6 3
4 2
7 4
92 90
59 54
94 12
98 1
5 2
4 1
91 84
91 91
55 55
2 2
91 84
90 53
99993 49997
99991 49996
35040 641
99997 49999
99998 1
99999 50000
99999 1
78921 1
39142 5
99995 49998
76495 73
38575 6
955258 801635
1000000 992868
78099 16
1000000 1
70916 1687
99997 1
99998 49999
64077 29394
991635 933391
90412 492
43872 1511
99996 99996
79591 79586
87085 31
2237 1
997421 65
37928 6900
91673 5
74815 74797
16931 2
99994 1
99996 49998
99992 1
93951 36693
1000000 999999
957827 6
1000000 997508
99994 49997
99991 99991
1000000 896125
99992 49996
73342 1208
44260 44260
99995 1
991901 53
99993 1
