15
15
15
15
15
15
15
1
1
1
1
1
1
1
2
2
2
2
2
2
2
17
17
17
17
17
17
17
3
3
3
3
3
3
3
4
4
4
4
4
4
4
6
6
6
6
6
6
6
7
7
7
7
7
7
7
8
8
8
8
8
8
8
5
5
5
5
5
5
5
9
9
9
10
10
10
10
10
11
11
11
11
11
11
11
12
12
12
12
12
12
12
13
13
13
13
13
13
13
14
14
14
14
14
14
14
16
16
16
16
16
16
16
18
18
18
18
18
18
18
20
20
20
20
20
20
20
21
21
21
21
21
21
21
22
22
22
22
22
22
22
23
23
23
23
23
23
23
9
9
9
9
10
10
